001.Black_footed_Albatross/52213313820.jpg,331,489,402,532
002.Laysan_Albatross/49625815147.jpg,254,206,453,247
003.Sooty_Albatross/32819783127.jpg,314,249,398,347
004.Groove_billed_Ani/48137406956.jpg,394,218,445,327
005.Crested_Auklet/24165852895.jpg,414,285,555,340
006.Least_Auklet/2860078523.jpg,324,234,460,330
007.Parakeet_Auklet/48114872253.jpg,469,168,517,234
008.Rhinoceros_Auklet/51890958865.jpg,343,317,418,372
009.Brewer_Blackbird/30735467818.jpg,221,245,261,268
010.Red_winged_Blackbird/52111173507.jpg,384,263,423,318
011.Rusty_Blackbird/16952351500.jpg,272,236,384,347
012.Yellow_headed_Blackbird/3925927113.jpg,346,264,492,364
013.Bobolink/51245580957.jpg,480,90,572,194
014.Indigo_Bunting/40851659353.jpg,359,257,429,321
015.Lazuli_Bunting/17560124774.jpg,341,199,486,268
016.Painted_Bunting/26123359780.jpg,306,293,414,416
017.Cardinal/52266269803.jpg,420,180,505,278
018.Spotted_Catbird/6077634061.jpg,405,208,511,334
019.Gray_Catbird/50186509338.jpg,411,333,565,429
020.Yellow_breasted_Chat/33814925218.jpg,270,384,352,455
021.Eastern_Towhee/24748293364.jpg,376,342,427,476
022.Chuck_will_Widow/19590185314.jpg,316,220,480,289
023.Brandt_Cormorant/26767155960.jpg,326,269,467,321
024.Red_faced_Cormorant/25919838285.jpg,280,180,398,255
025.Pelagic_Cormorant/33749142238.jpg,313,304,456,387
026.Bronzed_Cowbird/8724628507.jpg,330,331,430,517
027.Shiny_Cowbird/48085450116.jpg,617,81,649,127
028.Brown_Creeper/50538311516.jpg,223,86,280,265
029.American_Crow/52286514267.jpg,183,162,269,279
030.Fish_Crow/41495242270.jpg,69,176,115,266
031.Black_billed_Cuckoo/19405778798.jpg,383,266,444,432
032.Mangrove_Cuckoo/25978652056.jpg,364,194,446,319
033.Yellow_billed_Cuckoo/48063450083.jpg,325,230,453,295
034.Gray_crowned_Rosy_Finch/52210021446.jpg,204,217,345,315
035.Purple_Finch/3099511114.jpg,368,228,415,346
036.Northern_Flicker/51800479603.jpg,308,163,396,326
037.Acadian_Flycatcher/9718505341.jpg,332,206,393,335
038.Great_Crested_Flycatcher/52044309250.jpg,478,236,581,376
039.Least_Flycatcher/49901568157.jpg,266,257,342,371
040.Olive_sided_Flycatcher/14492366024.jpg,374,183,443,345
041.Scissor_tailed_Flycatcher/49860229207.jpg,248,171,324,263
042.Vermilion_Flycatcher/49289074063.jpg,293,239,465,344
043.Yellow_bellied_Flycatcher/21293601089.jpg,384,238,473,378
044.Frigatebird/484372823.jpg,380,199,454,338
045.Northern_Fulmar/52039807055.jpg,326,205,443,259
046.Gadwall/49658727933.jpg,401,252,518,350
047.American_Goldfinch/52096476010.jpg,271,182,373,259
048.European_Goldfinch/50816333668.jpg,537,206,630,328
049.Boat_tailed_Grackle/16477330072.jpg,358,250,430,434
050.Eared_Grebe/33709106506.jpg,348,257,447,312
051.Horned_Grebe/52188314061.jpg,338,253,427,335
052.Pied_billed_Grebe/51866522939.jpg,491,243,566,290
053.Western_Grebe/51260755565.jpg,207,269,347,362
054.Blue_Grosbeak/47865742161.jpg,410,267,466,377
055.Evening_Grosbeak/49546911257.jpg,467,167,566,314
056.Pine_Grosbeak/9105293504.jpg,387,204,441,285
057.Rose_breasted_Grosbeak/52076147664.jpg,243,259,359,411
058.Pigeon_Guillemot/52181116926.jpg,341,280,485,335
059.California_Gull/52241196621.jpg,346,208,438,302
060.Glaucous_winged_Gull/52079592934.jpg,291,270,350,356
061.Heermann_Gull/7779157816.jpg,304,290,489,412
062.Herring_Gull/48231163722.jpg,297,175,437,278
063.Ivory_Gull/28217828333.jpg,348,254,393,312
064.Ring_billed_Gull/49628925236.jpg,417,154,512,266
065.Slaty_backed_Gull/32792817675.jpg,266,180,323,242
066.Western_Gull/51861882272.jpg,127,251,261,327
067.Anna_Hummingbird/51945500230.jpg,316,239,435,327
068.Ruby_throated_Hummingbird/52266956059.jpg,367,219,503,303
069.Rufous_Hummingbird/51350409593.jpg,337,268,475,396
070.Green_Violetear/4876294402.jpg,414,298,506,362
071.Long_tailed_Jaeger/51371713430.jpg,430,258,496,346
072.Pomarine_Jaeger/51976567748.jpg,319,203,449,296
073.Blue_Jay/50000666453.jpg,419,215,526,356
074.Florida_Jay/7602994612.jpg,351,239,414,405
075.Green_Jay/40819848734.jpg,357,188,469,287
076.Dark_eyed_Junco/51899750614.jpg,358,233,479,294
077.Tropical_Kingbird/23757053391.jpg,320,272,446,398
078.Gray_Kingbird/43433120411.jpg,294,318,335,373
079.Belted_Kingfisher/52291271445.jpg,436,180,494,255
080.Green_Kingfisher/3101980320.jpg,307,192,444,300
081.Pied_Kingfisher/43260015302.jpg,340,187,448,263
082.Ringed_Kingfisher/7184773317.jpg,282,205,365,261
083.White_breasted_Kingfisher/6825577844.jpg,378,201,491,324
084.Red_legged_Kittiwake/6511420263.jpg,366,238,413,307
085.Horned_Lark/49610575707.jpg,589,225,661,316
086.Pacific_Loon/37056686803.jpg,293,201,407,272
087.Mallard/52285653317.jpg,240,165,396,238
088.Western_Meadowlark/48600019847.jpg,450,281,499,321
089.Hooded_Merganser/52080233249.jpg,350,253,441,295
090.Red_breasted_Merganser/40326022504.jpg,454,329,560,428
091.Mockingbird/52226185449.jpg,323,241,408,308
092.Nighthawk/9560246176.jpg,281,195,356,279
093.Clark_Nutcracker/47467014531.jpg,242,167,286,248
094.White_breasted_Nuthatch/51742071288.jpg,285,172,345,293
095.Baltimore_Oriole/52042756517.jpg,432,282,613,358
096.Hooded_Oriole/27661824928.jpg,343,219,411,393
097.Orchard_Oriole/49411867453.jpg,363,220,431,289
098.Scott_Oriole/7159826978.jpg,203,143,274,257
099.Ovenbird/51266260082.jpg,421,303,550,430
100.Brown_Pelican/52032481319.jpg,216,339,396,450
101.White_Pelican/51972929945.jpg,295,380,374,425
102.Western_Wood_Pewee/52289808962.jpg,225,192,300,326
103.Sayornis/51783384383.jpg,479,189,575,306
104.American_Pipit/21800586066.jpg,203,228,350,293
106.Horned_Puffin/15238211628.jpg,507,381,618,437
107.Common_Raven/52157171782.jpg,211,124,291,216
108.White_necked_Raven/489638937.jpg,347,241,397,340
110.Geococcyx/26027686767.jpg,486,271,628,366
111.Loggerhead_Shrike/14955929450.jpg,395,264,431,334
112.Great_Grey_Shrike/36064529181.jpg,188,113,379,191
113.Baird_Sparrow/48360799972.jpg,451,127,495,213
114.Black_throated_Sparrow/18963325400.jpg,122,124,203,257
115.Brewer_Sparrow/52207888438.jpg,211,172,338,265
116.Chipping_Sparrow/27812236858.jpg,561,256,673,362
117.Clay_colored_Sparrow/36629971322.jpg,388,327,497,478
118.House_Sparrow/51901967161.jpg,391,386,443,479
119.Field_Sparrow/4584615980.jpg,395,382,444,501
120.Fox_Sparrow/33964034335.jpg,407,221,502,388
121.Grasshopper_Sparrow/41099775040.jpg,316,323,397,479
122.Harris_Sparrow/12230865263.jpg,394,173,447,264
123.Henslow_Sparrow/7160362199.jpg,337,238,395,324
124.Le_Conte_Sparrow/6332651801.jpg,347,264,404,350
125.Lincoln_Sparrow/8020402470.jpg,309,176,356,271
126.Nelson_Sharp_tailed_Sparrow/8374363761.jpg,332,252,438,442
127.Savannah_Sparrow/51366434815.jpg,311,229,392,319
128.Seaside_Sparrow/18632901073.jpg,386,242,487,430
129.Song_Sparrow/51557557413.jpg,365,191,437,298
130.Tree_Sparrow/52220526306.jpg,388,228,420,269
131.Vesper_Sparrow/51470444631.jpg,314,232,405,328
132.White_crowned_Sparrow/52242396601.jpg,444,180,554,332
133.White_throated_Sparrow/10163593323.jpg,450,264,525,396
134.Cape_Glossy_Starling/23135827306.jpg,346,232,484,317
135.Bank_Swallow/30630467078.jpg,244,185,353,303
136.Barn_Swallow/52047900084.jpg,304,248,399,415
137.Cliff_Swallow/50030519638.jpg,370,306,482,367
138.Tree_Swallow/50007800177.jpg,497,248,580,361
139.Scarlet_Tanager/52098424722.jpg,445,256,512,331
140.Summer_Tanager/2510611357.jpg,311,231,449,324
141.Artic_Tern/7517717672.jpg,358,248,422,343
142.Black_Tern/47998994703.jpg,540,141,675,216
143.Caspian_Tern/52044134074.jpg,234,337,304,402
144.Common_Tern/24212159693.jpg,263,164,395,204
145.Elegant_Tern/52262123953.jpg,279,223,487,296
146.Forsters_Tern/45437698161.jpg,318,120,476,217
147.Least_Tern/50424231398.jpg,338,170,407,239
148.Green_tailed_Towhee/15888716790.jpg,374,296,462,393
149.Brown_Thrasher/46940497124.jpg,443,222,474,295
150.Sage_Thrasher/34375202236.jpg,204,173,319,249
151.Black_capped_Vireo/12173049334.jpg,343,281,412,493
152.Blue_headed_Vireo/51644580707.jpg,404,258,515,359
153.Philadelphia_Vireo/48654987153.jpg,324,189,423,285
154.Red_eyed_Vireo/7018690735.jpg,266,118,377,248
155.Warbling_Vireo/48655342751.jpg,444,226,667,285
156.White_eyed_Vireo/11451536586.jpg,194,159,320,244
157.Yellow_throated_Vireo/14265053985.jpg,422,180,554,228
158.Bay_breasted_Warbler/28463283188.jpg,450,182,565,298
159.Black_and_white_Warbler/52282487527.jpg,317,138,384,231
160.Black_throated_Blue_Warbler/47838146621.jpg,234,244,376,307
161.Blue_winged_Warbler/52042756472.jpg,531,341,578,439
162.Canada_Warbler/52130318101.jpg,253,227,332,395
163.Cape_May_Warbler/52222954288.jpg,394,184,512,306
165.Chestnut_sided_Warbler/28328102718.jpg,315,300,447,362
166.Golden_winged_Warbler/14987670598.jpg,322,211,443,277
167.Hooded_Warbler/46940497054.jpg,452,219,574,317
168.Kentucky_Warbler/9075926248.jpg,409,263,494,391
169.Magnolia_Warbler/33957924168.jpg,375,171,475,300
170.Mourning_Warbler/15101259956.jpg,441,224,521,342
171.Myrtle_Warbler/25243869052.jpg,377,258,515,381
172.Nashville_Warbler/51174193814.jpg,287,233,371,311
173.Orange_crowned_Warbler/48712848261.jpg,425,157,601,241
174.Palm_Warbler/52042756242.jpg,455,190,527,252
175.Pine_Warbler/52278850388.jpg,508,141,590,225
176.Prairie_Warbler/50493238601.jpg,308,280,423,444
177.Prothonotary_Warbler/52043800566.jpg,193,261,277,323
178.Swainson_Warbler/7356573168.jpg,407,166,485,303
179.Tennessee_Warbler/49900741043.jpg,237,282,376,396
180.Wilson_Warbler/51929363684.jpg,335,254,447,323
181.Worm_eating_Warbler/14806191468.jpg,359,266,550,354
182.Yellow_Warbler/52280970368.jpg,170,350,290,420
183.Northern_Waterthrush/52170841435.jpg,233,333,291,445
184.Louisiana_Waterthrush/49909503106.jpg,428,230,536,334
185.Bohemian_Waxwing/51723602061.jpg,312,191,421,325
186.Cedar_Waxwing/51803713951.jpg,304,426,369,534
187.American_Three_toed_Woodpecker/52210021031.jpg,433,221,531,319
188.Pileated_Woodpecker/51138558796.jpg,357,269,407,380
189.Red_bellied_Woodpecker/51812154927.jpg,512,288,562,345
190.Red_cockaded_Woodpecker/34214358306.jpg,394,181,450,335
191.Red_headed_Woodpecker/52295083620.jpg,432,354,539,536
192.Downy_Woodpecker/52107611064.jpg,359,230,429,402
193.Bewick_Wren/49879899722.jpg,383,210,479,275
194.Cactus_Wren/51147526687.jpg,363,235,478,342
195.Carolina_Wren/51173414563.jpg,359,216,509,313
196.House_Wren/52252660019.jpg,242,167,317,328
197.Marsh_Wren/51137768886.jpg,390,172,446,257
198.Rock_Wren/46879508404.jpg,460,196,592,304
199.Winter_Wren/51246294466.jpg,448,218,585,323
200.Common_Yellowthroat/52250237423.jpg,202,166,296,323
